import matplotlib.pyplot as plt
%matplotlib inline
import numpy as np
import seaborn as sns
age=[23,23,68,55,52,40,55,37,26,50,56,61,31,38,62,65,39,49,65,54,44,68,26,43,39,52,53,60,32,35,39,58,60,61,45,52,61,27,39,65,26,48,27,50,54,50,27,44,30,62,52,31,52,46,59,43,30,
    39,55,38,52,31,39,52,45,53,57,67,32,39,46,44,35,52,49,37,29,45,43,89,50,31,37,80,53,54,36,23,50,90,51,44,23,59,56,58,39,56,43,35,53,41,
    ]
age2=[58,46,60,58,51,46,63,56,51,65,38,65,94,50,39,78,39,36,74,38,32,38,33,34,37,28,58,61,35,27,62,61,40,48,48,42,51,54,47,47,93,49,40,29,56,26,29,
     42,23,25,45,30,33,58,69,58,43,49,67,32,70,39,49,28,89,58,50,100,46,41,38,41,27,40,39,58,29,34,96,51,40,47,48,64,30,81,29,51,49,28,50,26,31,52,32,61,59,55,48,44,19,33,49,39,34,49,28,23,31,43,45,56,47,25,28,24,16,62,35,60,24,62,46,33,68,
     43,50,27,29,46,59,29,35,54,58,29,29,36,40,37,49,49,61,35,54,57,89,92,69,57,93,57,63,36,48,94,44,51,45,58,104,36,51,26,39,58,30,51,37,43,53,36,42,55,52,29,43,39,21,46,48,47,74,42
     ,77,54,43,42,77,51,46,51,43,51,88,65,74,87,17,39,38,58,75,49,81,96,40,57,46,18,59,28,62,41,31,40,68,71,46,55,19,30,27,29,27,39,34,41,37,52,66,50,60,54,20,25,58,41,30,52,67,87,69,54,55,57,50,22,35,48,53,48,64,43,29,
     ]
age3=[32,34,60,28,26,30,35,41,35,50,62,56,39,50,25,49,63,37,38,49,85,54,39,40,51,52,48,38,21,26,36,49,54,62,62,32,53,55,60,84,41,91,38,94,58,33,71,76,85,61,30,31,40,67,92,92,38,96,71,73,59,1.08,81,82,23,56,58,40,56,89,57,45,34,34,37,35,46,49,39,84,66,40,77,81,61,54,49,37,46,29,34,60,61,85,40,45,23
      ,48,34,35,47,24,49,65,46,50,66,58,39,52,41,33,64,40,74,88,62,91,30,77,65,42,35,70,63,53,93,27,34,34,29,68,39,60,74,36,87,58,42,43,58,28,34,31,21,61,36,26,43,24,60,28,54,50,31,43,59,29,68,27,21,45,51,34,44,62,22,39,47,42,26,37,30,45,56,68,85,49,33,69,
      50,76,95,67,72,57,34,50,56,34,52,49,56,48,56,35,35,56,31,40,34,36,31,42,35,31,46,35,52,43,62,34,71,26,59,25,26,43,67,31,47,78,65,59,38,46,58,76,37,79,58,61,55,48,22,68,35,60,46,55,52,34,30,29,35,83,27,
      93,61,44,45,32,86,26,87,20,42,93,68,41,60,44,48,29,33,33,82,40,35,86,40,33,29,71,56,57,31,36,88,48,75,46,48,58,59,1.08,52,73,32,41,39,57,24,60,34,78,39,62,47,25,52,49,30,49,26,32,36,49,77,78,42,86,86,80,77,44,67,64,81,57,46,50,37,96,37,66,38,50,93,44,69,73
     ,36,43,78,55,26,63,70,32,61,25,43,60,29,48,69,79,56,65,31,26,37,47,39,62,56,43,54,58,26,33,66,91,65,43,42,81,68,99,37,41,60,92,32,82,28,98,57,89,68,58,79,38,83,42,93,53,41,55,36,40,92,36,42,57,59,53,28,51,37,72,39,58,40,34,45,36,30,64,53,62,75,50,70,31,43,59,35,49,60,35,64,54,42,26,62,28,73,41,52,44,89,81,44,34,56,43,46,85,61,63,39,38,62,29,
      33,37,98,49,46,32,51,59,61,44,32,44,58,67,55,36,29,65,30,47,73,28,55,49,30,35,31,30,37,47,37,44,54,35,51,35,64,47,68,27,51,36,47,24,89,55,25,64,42,20,50,91,91,87,37,70,86,28,85,55,44,62,64,38,85,28,34,76,37,43,42,64,37,58,39,45,54,62,51,95,46,43,62,78,94,70,51,58,62,61,34,34,54,50,45,70,43,51,32,38,40,53,48,50,37,37,53,57,44,52,20,56,61,43,50,22,36,52,30,44,38,34,30,88,45,32,67,32,32,22,48,29,88,49,63,56,25,67,53,41,55,50,53,79,53,51,88,42,93,62,53,43,29,88,94,44,33,83,46,79,39,39,64,27,61,36,100,21,63,81,79,75,21
      ,48,50,66,45,66,52,41,32,22,90,68,59,99,81,45,36,90,50,40,91,43,23,83,75,44,36,66,60,56,61,59,25,36,26,43,45,78,87,62,52,54,74,63,83,89,43,29,53,84,95,53,52,40,27,38,37,36,37,43,22,26,39,34,39,61,41,80,50,68,50,76,37,36,32,22,33,39,40,43,88,42,38,73,28,30,68,31,51,43,71,58,25,32,66,36,75,38,59,31,47,43,34,42,90,23,55,54,64,25,41,53,45,58,35,72,45,27,25,70,34,66,22,76,62,26,39,57,68,56,75,83,33,67,40,92,72,27,80,88,42,87,28,48,58,59,36,71,96,83,57,74,37,67,36,52,72,41,94,83,52,88,80,67,48,57,38,61,51,35,22,44,46,70,52,51,54,35,71,59,26,42,61,51,
      91,36,33,37,33,43,83,49,32,30,101,25,74,22,66,64,18,50,44,54,34,36,40,29,47,26,40,33,64,60,66,84,37,52,24,83,48,66,41,39,33,84,91,77,69,89,35,78,64,50,57,53,37,82,50,87,66,79,16,61,83,71,32,49,98,89,57,62,52,29,63,49,83,79,85,69,55,101,68,64,49,65,63,53,59,38,58,39,31,27,66,93,36,32,47,34,49,63,73,44,90,41, 53,54,97,73,83,83,73,72,34,81,50,38,90,22,36,48,63,79,81,36,57,86,33,23,61,33,31,63,30,75,63,29,66,29,33,44,88,56,43,69,30,30,67,33,19,75,65,19,49,40,56,80,57,33,59,39,40,65,39,60,64,79,38,64,29,79,47,37,80,89,29,34,55,36,29,33,42,55,26,24,37,28,31,24,21,41,48,79,49,31,91,42,36,36,74,83,81,37,81,81,86,76,45,70,85,55,68,82,36,29,49,63,63,74,35,73,36,23,76,99,29,34,72,74,23,40,30,65,45,71,27,53,64,43,53,48,31,48,59,39,43,63,47,38,34,51,51,27,44,41,56,82,48,86,88,34,71,85,50,79,60,89,74,85,40,85,37,95,90,33,50,84,46,72,81,48,64,51,19,50,30,27,25,35,65,63,61,62,52,25,40,53,82,31,61,57,51,38,80,43,82,29,30,50,51,81,81,60,27,34,37,36,74,59,90,34,44,63,40,94,50,75,75,71,47,54,44,88,74,32,73,39,72,75,56,65,54,45,63,42,62,78,40,82,42,38,29,81,49,67,35,61,25,94,57,71,69,83,57,62,55,82,74,34,45,31,32,46,71,39,27,73,40,36,28,65,58,46,59,55,48,61,87,56,92,84,52,55,41,91,31,34,76,27,84,29,84,79,46,29,85,68,89,79,38,36,58,70,70,45,75,79,89,82,82,43,90,50,63,63,50,70,34,58,41,69,37,70,81,67,73,50,85,71,71,78,81,70,71,94,99,80,80,46,49,33,69,36,46,55,39,30,50,97,78,20,71,57,50,69,23,35,24,93,67,80,92,47,27,27,41,82,58,44,49,45,
      23,94,55,37,36,43,34,46,80,40,59,60,89,69,41,41,83,40,52,97,77,77,76,45,81,28,91,44,61,36,36,63,56,59,78,63,47,41,25,56,39,45,35,93,80,80,66,75,78,81,79,41,67,77,33,80,62,61,73,59,30,88,93,91,83,29,80,63,79,61,42,65,39,82,96,33,75,67,20,30,39,94,78,44,87,44,62,76,29,60,30,88,50,25,25,40,63,40,78,33,77,50,44,57,27,27,46,46,37,59,56,73,90,29,82,86,77,100,76,67,71,42,59,89,43,62,56,38,37,70,71,88,68,61,22,46,58,29,40,54,63,43,58,84,83,87,35,57,23,47,78,62,90,86,74,84,50,53,38,75,25,57,31,89,29,21,67,75,30,79,77,30,51,21,49,67,54,60,95,56,27,41,83,27,55,31,76,35,90,35,31,56,41,35,38,30,81,81,61,88,47,87,88,27,44,49,81,56,42,24,73,39,44,88,76,54,31,38,58,65,25,64,85,32,81,77,82,58,66,74,84,74,80,61,49,63,58,24,48,75,40,23,58,91,57,25,81,82,35,69,76,71,80,54,26,61,65,79,90,79,70,95,74,65,29,44,66,33,34,83,53,55,26,23,40,46,72,40,57,65,79,48,66,52,29,32,60,48,21,82,68,51,65,79,32,77,24,89,26,62,55,52,41,91,22,82,95,80,33,71,55,84,23,64,74,25,49,62,42,65,56,32,42,62,64,35,70,37,28,40,33,37,60,37,31,36,43,25,32,40,40,52,43,28,30,38,85,61,80,54,56,49,71,65,47,64,82,88,39,50,76,85,75,55,43,43,72,70,33,34,30,64,88,91,44,91,74,76,77,63,20,58,60,78,65,37,23,78,83,34,51,93,65,92,91,42,65,38,25,81,73,88,70,96,41,72,65,43,78,60,62,37,78,74,86,68,67,61,23,79,40,34,52,31,45,48,57,72,35,83,72,39,61,63,50,51,30,75,91,78,65,81,36,48,69,86,67,74,88,78,94,55,51,92,40,54,50,37,48,83,85,46,76,78,35,58,86,80,82,86,39,61,66,95,89,44,22,85,63,60,76,82,52,53,79,88,73,76,70,51,68,42,59,73,66,89,87,86,105,45,84,71,42,56,83,79,54,63,60,51,67,72,31,71,97,83,87,57,66,67,57,61,66,43,80,73,81,92,63,77,71,44,92,61,79,84,81,58,86,93,39,75,74,89,86,84,77,71,31,67,25,31,37,30,71,36,39,28,51,55,40,28,34,59,31,74,51,31,60,29,44,59,45,55,42,53,38,55,37,73,31,26,41,39,68,46,49,43,37,78,50,45,57,43,44,51,83,70,87,75,72,78,61,86,36,34,56,46,83,80,99,56,70,25,71,77,53,85,56,64,76,56,66,81,77,63,71,36,64,61,66,44,40,82,88,34,82,96,93,29,45,56,50,45,42,51,38,69,25,100,44,40,72,61,67,73,90,31,89,89,76,64,66,60,56,77,65,56,77,88,65,65,82,82,51,72,54,69,35,62,61,54,73,83,82,51,80,46,60,50,74,73,75,74,77,76,64,42,81,38,63,43,62,76,36,90,30,41,51,36,39,87,69,96,76,72,71,44,46,79,45,38,44,36,56,31,24,45,88,52,87,35,34,34,54,19,59,51,92,39,71,48,89,71,92,63,60,41,82,61,82,35,68,37,92,43,67,53,51,74,44,64,
      ]
age4=[63,73,69,27,91,93,89,93,93,72,65,66,81,68,56,49,81,40,61,68,67,61,44,79,61,57,55,85,36,74,55,64,83,86,87,92,92,89,96,69,74,45,25,41,68,48,90,31,54,31,43,43,85,90,67,50,69,97,56,89,39,70,63,41,36,22,47,31,49,40,40,32,75,25,29,53,32,74,83,74,78,89,44,26,78,27,46,81,48,30,42,47,69,25,78,98,61,38,29,58,56,55,79,77,49,37,69,35,31,31,58,75,43,75,83,50,87,101,87,73,89,23,96,87,72,64,80,38,83,31,94,22,76,37,55,63,57,76,77,28,78,37,58,80,36,52,37,45,59,56,83,32,58,39,48,53,71,29,38,63,38,36,53,39,65,85,81,93,68,87,35,49,57,68,82,46,58,43,47,50,34,73,73,55,66,46,87,80,77,77,63,71,67,48,77,66,50,79,33,72,78,80,36,43,74,64,30,86,80,58,68,80,90,37,41,77,87,78,90,86,58,89,64,91,80,71,93,77,62,78,72,85,58,58,65,69,74,85,86,33,65,82,59,79,29,81,60,50,90,78,23,60,27,82,31,54,41,70,89,79,83,37,39,82,80,22,86,46,67,72,83,77,40,88,66,58,69,75,85,35,60,48,51,84,69,31,83,49,75,75,59,78,49,84,98,69,42,82,70,52,89,52,79,24,56,27,45,44,40,38,77,60,30,76,25,74,66,85,38,42,34,76,42,50,28,23,55,51,86,24,41,27,50,24,56,48,45,69,48,36,74,50,32,25,33,38,46,54,72,31,83,37,49,46,73,53,77,39,54,44,53,29,29,23,42,32,42,57,65,52,66,21,33,62,31,50,65,47,77,49,80,71,61,41,51,63,30,53,35,55,40,39,89,85,56,56,27,35,71,68,79,38,39,83,26,71,69,34,52,67,34,62,57,71,39,71,50,43,67,60,82,64,31,30,45,48,76,65,39,31,27,51,64,57,38,90,75,71,25,91,88,69,62,90,57,63,32,70,27,30,73,79,88,70,97,87,34,57,89,65,73,90,63,39,54,70,88,89,75,46,86,92,68,71,45,44,54,81,49,80,70,33,20,74,100,46,82,42,70,61,70,22,31,77,78,73,70,58,87,21,22,75,87,88,75,30,64,86,95,92,93,66,68,26,82,69,87,34,51,57,80,52,58,56,31,84,66,36,41,78,25,61,64,62,88,92,87,91,30,46,42,26,68,41,38,63,48,32,41,36,36,76,67,87,41,35,74,52,21,69,41,74,32,50,68,33,31,41,77,35,38,31,31,65,37,40,56,29,40,44,69,40,67,34,48,51,46,26,36,42,72,56,70,81,76,65,39,49,48,28,58,28,25,61,28,65,49,39,51,50,97,46,43,64,25,50,43,78,80,85,36,27,56,62,48,74,42,25,46,49,81,72,37,69,64,44,65,27,40,92,81,50,35,51,36,74,34,60,69,29,29,63,69,52,77,87,44,72,38,46,24,25,59,60,38,87,56,37,40,57,54,68,28,40,43,59,26,36,34,35,35,83,27,60,74,35,82,40,65,60,22,35,59,74,50,37,60,43,77,76,65,45,49,39,50,38,42,29,53,57,40,61,49,50,84,85,51,39,82,87,75,34,86,83,21,78,78,19,78,77,82,74,84,74,53,31,83,47,80,66,87,73,71,78,50,65,97,74,58,36,36,47,52,38,26,79,65,65,48,81,56,45,64,87,54,66,72,92,52,76,73,16,64,54,32,61,82,31,68,23,79,45,82,25,66,57,37,94,85,71,65,42,61,89,65,46,31,58,79,39,95,29,32,89,79,50,44,70,37,65,92,55,59,83,39,40,51,54,51,46,42,80,97,55,95,57,58,85,72,69,86,60,71,81,62,76,43,41,73,61,44,65,45,56,50,21,65,66,40,54,25,19,35,29,21,30,85,32,79,25,46,86,77,43,54,75,37,59,49,39,61,44,58,81,65,30,64,35,66,73,90,78,80,85,52,53,49,54,53,40,56,85,64,37,50,72,54,92,93,84,98,76,58,62,94,41,55,59,50,65,80,79,91,90,66,74,83,45,73,33,40,44,66,90,74,79,86,78,84,50,28,65,61,36,52,24,54,39,54,39,76,91,84,92,88,40,83,86,82,64,98,51,75,58,87,75,95,57,91,68,91,43,71,46,96,81,84,22,35,61,51,53,67,76,68,37,79,89,99,79,77,73,63,36,27,52,72,74,29,53,62,38,86,70,80,70,54,36,73,19,72,54,65,39,50,73,55,38,47,56,49,32,49,34,38,52,45,81,94,87,67,86,67,40,41,69,30,35,67,42,35,32,38,24,55,47,29,72,41,44,19,55,49,30,38,47,54,49,57,31,30,45,35,47,51,49,82,58,26,68,26,20,68,65,97,33,87,54,23,58,58,78,73,67,61,70,59,31,66,81,42,48,62,78,76,75,
     60,70,62,78,59,84,65,72,90,57,42,24,78,40,30,24,77,25,48,50,63,44,81,38,22,60,68,47,56,47,81,75,93,69,84,77,73,34,59,74,44,80,60,59,84,73,66,31,77,77,76,24,64,37,50,76,79,71,50,89,40,79,97,90,65,53,75,90,52,49,90,91,50,85,63,40,35,61,73,39,92,93,55,77,73,73,70,83,88,32,69,60,27,48,81,45,53,70,93,58,31,90,52,63,35,28,75,30,62,28,74,71,72,74,91,73,79,62,76,74,60,49,52,36,90,77,38,48,41,37,70,38,30,53,40,69,67,22,54,17,40,34,25,68,56,50,70,75,81,72,65,57,72,87,38,44,71,64,67,87,55,67,71,75,70,66,55,51,53,50,58,62,67,65,72,91,72,90,90,60,45,83,75,33,99,73,75,77,40,88,35,80,78,49,60,80,83,66,81,41,71,86,89,82,28,40,80,67,73,33,74,80,57,41,67,27,33,79,85,54,58,43,87,100,93,88,79,75,69,67,78,53,65,34,77,94,92,46,88,45,90,51,90,91,78,92,75,46,49,98,41,58,56,87,75,76,36,87,46,27,67,78,77,84,69,62,75,84,93,77,77,65,29,57,67,50,51,78,54,41,88,69,44,24,68,72,39,43,100,54,60,41,44,80,41,37,42,26,78,21,92,66,64,94,71,70,72,58,80,56,47,48,71,38,48,85,26,52,39,52,71,91,69,69,39,95,83,28,33,73,84,85,78,88,59,42,73,59,92,45,32,38,58,83,77,80,61,93,68,87,31,70,32,85,52,84,55,62,26,46,39,34,49,84,64,74,48,75,21,66,34,57,47,23,88,28,76,49,85,56,42,79,79,72,72,67,44,35,33,43,73,55,36,84,61,25,40,68,45,73,72,33,71,25,69,52,63,56,21,66,46,77,96,77,83,54,83,72,87,41,37,84,68,67,78,83,72,75,34,70,94,83,93,96,90,39,101,66,31,80,81,75,62,78,81,34,70,91,85,75,81,40,38,93,75,57,77,33,62,68,32,81,24,41,69,75,71,80,84,76,79,78,48,89,85,83,61,60,88,30,74,65,67,74,70,57,85,45,97,82,43,44,70,25,69,85,51,89,69,88,66,89,40,56,67,66,89,78,50,63,77,77,74,29,86,49,76,82,83,87,66,53,90,70,91,63,83,82,71,64,62,68,50,27,52,45,75,56,69,84,64,51,77,37,68,68,20,59,37,67,42,65,71,62,48,71,53,25,49,31,60,39,30,73,78,85,86,65,71,71,91,62,82,99,54,77,93,31,50,86,34,84,79,60,70,75,61,46,19,85,74,33,77,30,45,61,29,40,46,87,25,70,47,86,65,45,58,87,81,84,93,60,73,39,19,81,93,71,92,83,80,67,84,77,47,65,85,69,70,76,35,78,76,77,30,87,82,84,93,88,56,99,88,73,80,71,92,96,85,89,100,87,79,72,90,74,90,71,84,81,84,73,55,76,77,80,72,74,74,71,70,84,66,81,96,73,65,73,45,82,68,76,92,95,47,94,93,72,84,72,71,91,90,58,87,71,74,98,69,70,83,86,96,74,78,71,92,62,63,76,54,46,88,63,90,75,65,75,81,77,80,74,90,91,86,68,78]
age_total=age+age2+age3+age4
sns.displot(age_total,kde = True, bins=10, color='r')
plt.title("Frequency of Adverse Events as Compared to Age")
plt.xlabel('Age')
plt.ylabel('Frequency of Reported Adverse Events')
plt.show()